1.598500e-03 2.012519e+00
2.021231e-03 2.012487e+00
2.443961e-03 2.012445e+00
2.866692e-03 2.012393e+00
3.289422e-03 2.012333e+00
3.712153e-03 2.012263e+00
4.134883e-03 2.012185e+00
4.557614e-03 2.012098e+00
4.980344e-03 2.012004e+00
5.403075e-03 2.011900e+00
5.825806e-03 2.011789e+00
6.248536e-03 2.011667e+00
6.671267e-03 2.011539e+00
7.093997e-03 2.011402e+00
7.516728e-03 2.011256e+00
7.939458e-03 2.011102e+00
8.362189e-03 2.010940e+00
8.784919e-03 2.010769e+00
9.207650e-03 2.010590e+00
9.630381e-03 2.010402e+00
1.005311e-02 2.010207e+00
1.047584e-02 2.010003e+00
1.089857e-02 2.009791e+00
1.132130e-02 2.009570e+00
1.174403e-02 2.009342e+00
1.216676e-02 2.009105e+00
1.258949e-02 2.008859e+00
1.301222e-02 2.008606e+00
1.343496e-02 2.008345e+00
1.385769e-02 2.008075e+00
1.428042e-02 2.007797e+00
1.470315e-02 2.007512e+00
1.512588e-02 2.007217e+00
1.554861e-02 2.006916e+00
1.597134e-02 2.006606e+00
1.639407e-02 2.006287e+00
1.681680e-02 2.005962e+00
1.723953e-02 2.005628e+00
1.766226e-02 2.005286e+00
1.808499e-02 2.004936e+00
1.850772e-02 2.004578e+00
1.893045e-02 2.004213e+00
1.935318e-02 2.003840e+00
1.977591e-02 2.003458e+00
2.019864e-02 2.003069e+00
2.062137e-02 2.002672e+00
2.104411e-02 2.002268e+00
2.146684e-02 2.001856e+00
2.188957e-02 2.001436e+00
2.231230e-02 2.001009e+00
2.273503e-02 2.000574e+00
2.315776e-02 2.000131e+00
2.358049e-02 1.999681e+00
2.400322e-02 1.999223e+00
2.442595e-02 1.998758e+00
2.484868e-02 1.998285e+00
2.527141e-02 1.997806e+00
2.569414e-02 1.997319e+00
2.611687e-02 1.996824e+00
2.653960e-02 1.996322e+00
2.696233e-02 1.995813e+00
2.738506e-02 1.995296e+00
2.780779e-02 1.994772e+00
2.823052e-02 1.994241e+00
2.865326e-02 1.993703e+00
2.907599e-02 1.993158e+00
2.949872e-02 1.992606e+00
2.992145e-02 1.992046e+00
3.034418e-02 1.991481e+00
3.076691e-02 1.990907e+00
3.118964e-02 1.990327e+00
3.161237e-02 1.989740e+00
3.203510e-02 1.989146e+00
3.245783e-02 1.988545e+00
3.288056e-02 1.987938e+00
3.330329e-02 1.987323e+00
3.372602e-02 1.986703e+00
3.414875e-02 1.986076e+00
3.457148e-02 1.985441e+00
3.499421e-02 1.984800e+00
3.541694e-02 1.984153e+00
3.583967e-02 1.983499e+00
3.626241e-02 1.982838e+00
3.668514e-02 1.982172e+00
3.710787e-02 1.981499e+00
3.753060e-02 1.980820e+00
3.795333e-02 1.980134e+00
3.837606e-02 1.979441e+00
3.879879e-02 1.978743e+00
3.922152e-02 1.978038e+00
3.964425e-02 1.977327e+00
4.006698e-02 1.976611e+00
4.048971e-02 1.975888e+00
4.091244e-02 1.975159e+00
4.133517e-02 1.974424e+00
4.175790e-02 1.973683e+00
4.218063e-02 1.972936e+00
4.260336e-02 1.972183e+00
4.302609e-02 1.971425e+00
4.344882e-02 1.970660e+00
4.387156e-02 1.969889e+00
4.429429e-02 1.969114e+00
4.471702e-02 1.968332e+00
4.513975e-02 1.967544e+00
4.556248e-02 1.966751e+00
4.598521e-02 1.965953e+00
4.640794e-02 1.965149e+00
4.683067e-02 1.964340e+00
4.725340e-02 1.963524e+00
4.767613e-02 1.962704e+00
4.809886e-02 1.961878e+00
4.852159e-02 1.961047e+00
4.894432e-02 1.960210e+00
4.936705e-02 1.959368e+00
4.978978e-02 1.958521e+00
5.021251e-02 1.957668e+00
5.063524e-02 1.956811e+00
5.105797e-02 1.955948e+00
5.148071e-02 1.955080e+00
5.190344e-02 1.954207e+00
5.232617e-02 1.953329e+00
5.274890e-02 1.952447e+00
5.317163e-02 1.951559e+00
5.359436e-02 1.950666e+00
5.401709e-02 1.949768e+00
5.443982e-02 1.948866e+00
5.486255e-02 1.947959e+00
5.528528e-02 1.947047e+00
5.570801e-02 1.946130e+00
5.613074e-02 1.945209e+00
5.655347e-02 1.944283e+00
5.697620e-02 1.943353e+00
5.739893e-02 1.942418e+00
5.782166e-02 1.941478e+00
5.824439e-02 1.940533e+00
5.866712e-02 1.939584e+00
5.908986e-02 1.938631e+00
5.951259e-02 1.937673e+00
5.993532e-02 1.936711e+00
6.035805e-02 1.935744e+00
6.078078e-02 1.934773e+00
6.120351e-02 1.933798e+00
6.162624e-02 1.932819e+00
6.204897e-02 1.931836e+00
6.247170e-02 1.930848e+00
6.289443e-02 1.929856e+00
6.331716e-02 1.928859e+00
6.373989e-02 1.927859e+00
6.416262e-02 1.926855e+00
6.458535e-02 1.925847e+00
6.500808e-02 1.924835e+00
6.543081e-02 1.923818e+00
6.585354e-02 1.922798e+00
6.627627e-02 1.921774e+00
6.669901e-02 1.920746e+00
6.712174e-02 1.919715e+00
6.754447e-02 1.918678e+00
6.796720e-02 1.917638e+00
6.838993e-02 1.916595e+00
6.881266e-02 1.915548e+00
6.923539e-02 1.914497e+00
6.965812e-02 1.913442e+00
7.008085e-02 1.912384e+00
7.050358e-02 1.911322e+00
7.092631e-02 1.910257e+00
7.134904e-02 1.909188e+00
7.177177e-02 1.908115e+00
7.219450e-02 1.907039e+00
7.261723e-02 1.905959e+00
7.303996e-02 1.904876e+00
7.346269e-02 1.903789e+00
7.388542e-02 1.902699e+00
7.430816e-02 1.901606e+00
7.473089e-02 1.900509e+00
7.515362e-02 1.899408e+00
7.557635e-02 1.898305e+00
7.599908e-02 1.897198e+00
7.642181e-02 1.896087e+00
7.684454e-02 1.894974e+00
7.726727e-02 1.893858e+00
7.769000e-02 1.892738e+00
7.811273e-02 1.891615e+00
7.853546e-02 1.890488e+00
7.895819e-02 1.889359e+00
7.938092e-02 1.888226e+00
7.980365e-02 1.887091e+00
8.022638e-02 1.885952e+00
8.064911e-02 1.884810e+00
8.107184e-02 1.883666e+00
8.149457e-02 1.882517e+00
8.191731e-02 1.881366e+00
8.234004e-02 1.880213e+00
8.276277e-02 1.879056e+00
8.318550e-02 1.877895e+00
8.360823e-02 1.876733e+00
8.403096e-02 1.875568e+00
8.445369e-02 1.874399e+00
8.487642e-02 1.873227e+00
8.529915e-02 1.872052e+00
8.572188e-02 1.870876e+00
8.614461e-02 1.869696e+00
8.656734e-02 1.868513e+00
8.699007e-02 1.867328e+00
8.741280e-02 1.866139e+00
8.783553e-02 1.864948e+00
8.825826e-02 1.863754e+00
8.868099e-02 1.862557e+00
8.910372e-02 1.861358e+00
8.952646e-02 1.860156e+00
8.994919e-02 1.858951e+00
9.037192e-02 1.857744e+00
9.079465e-02 1.856534e+00
9.121738e-02 1.855321e+00
9.164011e-02 1.854106e+00
9.206284e-02 1.852888e+00
9.248557e-02 1.851667e+00
9.290830e-02 1.850443e+00
9.333103e-02 1.849218e+00
9.375376e-02 1.847990e+00
9.417649e-02 1.846759e+00
9.459922e-02 1.845526e+00
9.502195e-02 1.844290e+00
9.544468e-02 1.843052e+00
9.586741e-02 1.841812e+00
9.629014e-02 1.840568e+00
9.671287e-02 1.839322e+00
9.713561e-02 1.838074e+00
9.755834e-02 1.836823e+00
9.798107e-02 1.835571e+00
9.840380e-02 1.834315e+00
9.882653e-02 1.833057e+00
9.924926e-02 1.831797e+00
9.967199e-02 1.830535e+00
1.000947e-01 1.829270e+00
1.005174e-01 1.828002e+00
1.009402e-01 1.826732e+00
1.013629e-01 1.825460e+00
1.017856e-01 1.824185e+00
1.022084e-01 1.822909e+00
1.026311e-01 1.821629e+00
1.030538e-01 1.820348e+00
1.034766e-01 1.819064e+00
1.038993e-01 1.817778e+00
1.043220e-01 1.816490e+00
1.047448e-01 1.815199e+00
1.051675e-01 1.813906e+00
1.055902e-01 1.812611e+00
1.060129e-01 1.811314e+00
1.064357e-01 1.810014e+00
1.068584e-01 1.808712e+00
1.072811e-01 1.807408e+00
1.077039e-01 1.806101e+00
1.081266e-01 1.804792e+00
1.085493e-01 1.803482e+00
1.089721e-01 1.802169e+00
1.093948e-01 1.800853e+00
1.098175e-01 1.799536e+00
1.102403e-01 1.798216e+00
1.106630e-01 1.796894e+00
1.110857e-01 1.795570e+00
1.115084e-01 1.794244e+00
1.119312e-01 1.792916e+00
1.123539e-01 1.791586e+00
1.127766e-01 1.790254e+00
1.131994e-01 1.788919e+00
1.136221e-01 1.787581e+00
1.140448e-01 1.786242e+00
1.144676e-01 1.784901e+00
1.148903e-01 1.783558e+00
1.153130e-01 1.782212e+00
1.157357e-01 1.780864e+00
1.161585e-01 1.779515e+00
1.165812e-01 1.778164e+00
1.170039e-01 1.776810e+00
1.174267e-01 1.775453e+00
1.178494e-01 1.774096e+00
1.182721e-01 1.772735e+00
1.186949e-01 1.771373e+00
1.191176e-01 1.770009e+00
1.195403e-01 1.768643e+00
1.199631e-01 1.767274e+00
1.203858e-01 1.765902e+00
1.208085e-01 1.764530e+00
1.212312e-01 1.763155e+00
1.216540e-01 1.761778e+00
1.220767e-01 1.760399e+00
1.224994e-01 1.759018e+00
1.229222e-01 1.757635e+00
1.233449e-01 1.756250e+00
1.237676e-01 1.754862e+00
1.241904e-01 1.753473e+00
1.246131e-01 1.752082e+00
1.250358e-01 1.750688e+00
1.254586e-01 1.749293e+00
1.258813e-01 1.747895e+00
1.263040e-01 1.746495e+00
1.267267e-01 1.745094e+00
1.271495e-01 1.743690e+00
1.275722e-01 1.742285e+00
1.279949e-01 1.740877e+00
1.284177e-01 1.739466e+00
1.288404e-01 1.738054e+00
1.292631e-01 1.736641e+00
1.296859e-01 1.735225e+00
1.301086e-01 1.733807e+00
1.305313e-01 1.732387e+00
1.309540e-01 1.730965e+00
1.313768e-01 1.729541e+00
1.317995e-01 1.728115e+00
1.322222e-01 1.726687e+00
1.326450e-01 1.725256e+00
1.330677e-01 1.723824e+00
1.334904e-01 1.722390e+00
1.339132e-01 1.720954e+00
1.343359e-01 1.719516e+00
1.347586e-01 1.718075e+00
1.351814e-01 1.716632e+00
1.356041e-01 1.715188e+00
1.360268e-01 1.713742e+00
1.364495e-01 1.712294e+00
1.368723e-01 1.710843e+00
1.372950e-01 1.709391e+00
1.377177e-01 1.707936e+00
1.381405e-01 1.706480e+00
1.385632e-01 1.705022e+00
1.389859e-01 1.703561e+00
1.394087e-01 1.702099e+00
1.398314e-01 1.700634e+00
1.402541e-01 1.699168e+00
1.406769e-01 1.697699e+00
1.410996e-01 1.696228e+00
1.415223e-01 1.694756e+00
1.419450e-01 1.693282e+00
1.423678e-01 1.691805e+00
1.427905e-01 1.690326e+00
1.432132e-01 1.688846e+00
1.436360e-01 1.687363e+00
1.440587e-01 1.685878e+00
1.444814e-01 1.684391e+00
1.449042e-01 1.682902e+00
1.453269e-01 1.681411e+00
1.457496e-01 1.679919e+00
1.461723e-01 1.678424e+00
1.465951e-01 1.676926e+00
1.470178e-01 1.675427e+00
1.474405e-01 1.673926e+00
1.478633e-01 1.672423e+00
1.482860e-01 1.670918e+00
1.487087e-01 1.669410e+00
1.491315e-01 1.667901e+00
1.495542e-01 1.666389e+00
1.499769e-01 1.664876e+00
1.503997e-01 1.663361e+00
1.508224e-01 1.661843e+00
1.512451e-01 1.660324e+00
1.516678e-01 1.658802e+00
1.520906e-01 1.657278e+00
1.525133e-01 1.655752e+00
1.529360e-01 1.654224e+00
1.533588e-01 1.652694e+00
1.537815e-01 1.651162e+00
1.542042e-01 1.649627e+00
1.546270e-01 1.648091e+00
1.550497e-01 1.646553e+00
1.554724e-01 1.645012e+00
1.558952e-01 1.643469e+00
1.563179e-01 1.641924e+00
1.567406e-01 1.640378e+00
1.571633e-01 1.638829e+00
1.575861e-01 1.637277e+00
1.580088e-01 1.635724e+00
1.584315e-01 1.634169e+00
1.588543e-01 1.632611e+00
1.592770e-01 1.631051e+00
1.596997e-01 1.629490e+00
1.601225e-01 1.627926e+00
1.605452e-01 1.626360e+00
1.609679e-01 1.624792e+00
1.613906e-01 1.623221e+00
1.618134e-01 1.621649e+00
1.622361e-01 1.620075e+00
1.626588e-01 1.618498e+00
1.630816e-01 1.616920e+00
1.635043e-01 1.615340e+00
1.639270e-01 1.613757e+00
1.643498e-01 1.612172e+00
1.647725e-01 1.610584e+00
1.651952e-01 1.608995e+00
1.656180e-01 1.607404e+00
1.660407e-01 1.605811e+00
1.664634e-01 1.604215e+00
1.668861e-01 1.602617e+00
1.673089e-01 1.601017e+00
1.677316e-01 1.599415e+00
1.681543e-01 1.597812e+00
1.685771e-01 1.596206e+00
1.689998e-01 1.594598e+00
1.694225e-01 1.592988e+00
1.698453e-01 1.591375e+00
1.702680e-01 1.589760e+00
1.706907e-01 1.588144e+00
1.711135e-01 1.586525e+00
1.715362e-01 1.584905e+00
1.719589e-01 1.583282e+00
1.723816e-01 1.581657e+00
1.728044e-01 1.580030e+00
1.732271e-01 1.578401e+00
1.736498e-01 1.576770e+00
1.740726e-01 1.575137e+00
1.744953e-01 1.573502e+00
1.749180e-01 1.571864e+00
1.753408e-01 1.570225e+00
1.757635e-01 1.568584e+00
1.761862e-01 1.566940e+00
1.766089e-01 1.565295e+00
1.770317e-01 1.563647e+00
1.774544e-01 1.561997e+00
1.778771e-01 1.560345e+00
1.782999e-01 1.558692e+00
1.787226e-01 1.557036e+00
1.791453e-01 1.555378e+00
1.795681e-01 1.553718e+00
1.799908e-01 1.552056e+00
1.804135e-01 1.550392e+00
1.808363e-01 1.548726e+00
1.812590e-01 1.547058e+00
1.816817e-01 1.545387e+00
1.821044e-01 1.543715e+00
1.825272e-01 1.542040e+00
1.829499e-01 1.540364e+00
1.833726e-01 1.538686e+00
1.837954e-01 1.537005e+00
1.842181e-01 1.535323e+00
1.846408e-01 1.533638e+00
1.850636e-01 1.531951e+00
1.854863e-01 1.530263e+00
1.859090e-01 1.528572e+00
1.863318e-01 1.526879e+00
1.867545e-01 1.525184e+00
1.871772e-01 1.523488e+00
1.875999e-01 1.521789e+00
1.880227e-01 1.520088e+00
1.884454e-01 1.518386e+00
1.888681e-01 1.516681e+00
1.892909e-01 1.514974e+00
1.897136e-01 1.513265e+00
1.901363e-01 1.511554e+00
1.905591e-01 1.509841e+00
1.909818e-01 1.508126e+00
1.914045e-01 1.506409e+00
1.918272e-01 1.504690e+00
1.922500e-01 1.502970e+00
1.926727e-01 1.501247e+00
1.930954e-01 1.499522e+00
1.935182e-01 1.497795e+00
1.939409e-01 1.496066e+00
1.943636e-01 1.494336e+00
1.947864e-01 1.492603e+00
1.952091e-01 1.490868e+00
1.956318e-01 1.489132e+00
1.960546e-01 1.487393e+00
1.964773e-01 1.485652e+00
1.969000e-01 1.483909e+00
1.973227e-01 1.482165e+00
1.977455e-01 1.480419e+00
1.981682e-01 1.478670e+00
1.985909e-01 1.476920e+00
1.990137e-01 1.475167e+00
1.994364e-01 1.473413e+00
1.998591e-01 1.471657e+00
2.002819e-01 1.469899e+00
2.007046e-01 1.468139e+00
2.011273e-01 1.466377e+00
2.015501e-01 1.464613e+00
2.019728e-01 1.462847e+00
2.023955e-01 1.461079e+00
2.028182e-01 1.459310e+00
2.032410e-01 1.457538e+00
2.036637e-01 1.455764e+00
2.040864e-01 1.453989e+00
2.045092e-01 1.452212e+00
2.049319e-01 1.450433e+00
2.053546e-01 1.448652e+00
2.057774e-01 1.446869e+00
2.062001e-01 1.445085e+00
2.066228e-01 1.443298e+00
2.070455e-01 1.441509e+00
2.074683e-01 1.439719e+00
2.078910e-01 1.437927e+00
2.083137e-01 1.436132e+00
2.087365e-01 1.434336e+00
2.091592e-01 1.432538e+00
2.095819e-01 1.430739e+00
2.100047e-01 1.428938e+00
2.104274e-01 1.427135e+00
2.108501e-01 1.425330e+00
2.112729e-01 1.423523e+00
2.116956e-01 1.421714e+00
2.121183e-01 1.419904e+00
2.125410e-01 1.418091e+00
2.129638e-01 1.416277e+00
2.133865e-01 1.414461e+00
2.138092e-01 1.412643e+00
2.142320e-01 1.410823e+00
2.146547e-01 1.409001e+00
2.150774e-01 1.407178e+00
2.155002e-01 1.405353e+00
2.159229e-01 1.403526e+00
2.163456e-01 1.401697e+00
2.167684e-01 1.399867e+00
2.171911e-01 1.398034e+00
2.176138e-01 1.396201e+00
2.180365e-01 1.394365e+00
2.184593e-01 1.392527e+00
2.188820e-01 1.390688e+00
2.193047e-01 1.388847e+00
2.197275e-01 1.387005e+00
2.201502e-01 1.385160e+00
2.205729e-01 1.383315e+00
2.209957e-01 1.381467e+00
2.214184e-01 1.379618e+00
2.218411e-01 1.377766e+00
2.222638e-01 1.375913e+00
2.226866e-01 1.374059e+00
2.231093e-01 1.372202e+00
2.235320e-01 1.370344e+00
2.239548e-01 1.368484e+00
2.243775e-01 1.366623e+00
2.248002e-01 1.364760e+00
2.252230e-01 1.362895e+00
2.256457e-01 1.361029e+00
2.260684e-01 1.359161e+00
2.264912e-01 1.357292e+00
2.269139e-01 1.355421e+00
2.273366e-01 1.353548e+00
2.277593e-01 1.351674e+00
2.281821e-01 1.349798e+00
2.286048e-01 1.347920e+00
2.290275e-01 1.346041e+00
2.294503e-01 1.344160e+00
2.298730e-01 1.342277e+00
2.302957e-01 1.340393e+00
2.307185e-01 1.338507e+00
2.311412e-01 1.336620e+00
2.315639e-01 1.334731e+00
2.319867e-01 1.332841e+00
2.324094e-01 1.330949e+00
2.328321e-01 1.329056e+00
2.332548e-01 1.327161e+00
2.336776e-01 1.325264e+00
2.341003e-01 1.323366e+00
2.345230e-01 1.321467e+00
2.349458e-01 1.319565e+00
2.353685e-01 1.317663e+00
2.357912e-01 1.315759e+00
2.362140e-01 1.313853e+00
2.366367e-01 1.311946e+00
2.370594e-01 1.310038e+00
2.374821e-01 1.308128e+00
2.379049e-01 1.306216e+00
2.383276e-01 1.304303e+00
2.387503e-01 1.302389e+00
2.391731e-01 1.300473e+00
2.395958e-01 1.298556e+00
2.400185e-01 1.296637e+00
2.404413e-01 1.294716e+00
2.408640e-01 1.292795e+00
2.412867e-01 1.290872e+00
2.417095e-01 1.288947e+00
2.421322e-01 1.287021e+00
2.425549e-01 1.285093e+00
2.429776e-01 1.283165e+00
2.434004e-01 1.281234e+00
2.438231e-01 1.279302e+00
2.442458e-01 1.277369e+00
2.446686e-01 1.275435e+00
2.450913e-01 1.273499e+00
2.455140e-01 1.271562e+00
2.459368e-01 1.269623e+00
2.463595e-01 1.267683e+00
2.467822e-01 1.265742e+00
2.472050e-01 1.263799e+00
2.476277e-01 1.261855e+00
2.480504e-01 1.259910e+00
2.484731e-01 1.257964e+00
2.488959e-01 1.256016e+00
2.493186e-01 1.254067e+00
2.497413e-01 1.252116e+00
2.501641e-01 1.250164e+00
2.505868e-01 1.248211e+00
2.510095e-01 1.246257e+00
2.514323e-01 1.244302e+00
2.518550e-01 1.242345e+00
2.522777e-01 1.240387e+00
2.527004e-01 1.238428e+00
2.531232e-01 1.236467e+00
2.535459e-01 1.234506e+00
2.539686e-01 1.232543e+00
2.543914e-01 1.230579e+00
2.548141e-01 1.228613e+00
2.552368e-01 1.226647e+00
2.556596e-01 1.224679e+00
2.560823e-01 1.222710e+00
2.565050e-01 1.220739e+00
2.569278e-01 1.218768e+00
2.573505e-01 1.216796e+00
2.577732e-01 1.214822e+00
2.581959e-01 1.212847e+00
2.586187e-01 1.210871e+00
2.590414e-01 1.208894e+00
2.594641e-01 1.206916e+00
2.598869e-01 1.204937e+00
2.603096e-01 1.202956e+00
2.607323e-01 1.200975e+00
2.611551e-01 1.198992e+00
2.615778e-01 1.197008e+00
2.620005e-01 1.195023e+00
2.624233e-01 1.193037e+00
2.628460e-01 1.191050e+00
2.632687e-01 1.189062e+00
2.636914e-01 1.187073e+00
2.641142e-01 1.185083e+00
2.645369e-01 1.183092e+00
2.649596e-01 1.181100e+00
2.653824e-01 1.179106e+00
2.658051e-01 1.177112e+00
2.662278e-01 1.175117e+00
2.666506e-01 1.173120e+00
2.670733e-01 1.171123e+00
2.674960e-01 1.169124e+00
2.679187e-01 1.167125e+00
2.683415e-01 1.165124e+00
2.687642e-01 1.163122e+00
2.691869e-01 1.161120e+00
2.696097e-01 1.159116e+00
2.700324e-01 1.157111e+00
2.704551e-01 1.155106e+00
2.708779e-01 1.153099e+00
2.713006e-01 1.151092e+00
2.717233e-01 1.149083e+00
2.721461e-01 1.147074e+00
2.725688e-01 1.145063e+00
2.729915e-01 1.143052e+00
2.734142e-01 1.141040e+00
2.738370e-01 1.139027e+00
2.742597e-01 1.137013e+00
2.746824e-01 1.134998e+00
2.751052e-01 1.132982e+00
2.755279e-01 1.130965e+00
2.759506e-01 1.128947e+00
2.763734e-01 1.126929e+00
2.767961e-01 1.124909e+00
2.772188e-01 1.122889e+00
2.776416e-01 1.120867e+00
2.780643e-01 1.118845e+00
2.784870e-01 1.116822e+00
2.789097e-01 1.114798e+00
2.793325e-01 1.112773e+00
2.797552e-01 1.110748e+00
2.801779e-01 1.108722e+00
2.806007e-01 1.106695e+00
2.810234e-01 1.104667e+00
2.814461e-01 1.102638e+00
2.818689e-01 1.100608e+00
2.822916e-01 1.098578e+00
2.827143e-01 1.096547e+00
2.831370e-01 1.094515e+00
2.835598e-01 1.092482e+00
2.839825e-01 1.090449e+00
2.844052e-01 1.088415e+00
2.848280e-01 1.086380e+00
2.852507e-01 1.084344e+00
2.856734e-01 1.082308e+00
2.860962e-01 1.080271e+00
2.865189e-01 1.078233e+00
2.869416e-01 1.076194e+00
2.873644e-01 1.074155e+00
2.877871e-01 1.072115e+00
2.882098e-01 1.070074e+00
2.886325e-01 1.068033e+00
2.890553e-01 1.065991e+00
2.894780e-01 1.063949e+00
2.899007e-01 1.061906e+00
2.903235e-01 1.059862e+00
2.907462e-01 1.057817e+00
2.911689e-01 1.055772e+00
2.915917e-01 1.053726e+00
2.920144e-01 1.051680e+00
2.924371e-01 1.049633e+00
2.928599e-01 1.047585e+00
2.932826e-01 1.045537e+00
2.937053e-01 1.043488e+00
2.941280e-01 1.041439e+00
2.945508e-01 1.039389e+00
2.949735e-01 1.037338e+00
2.953962e-01 1.035287e+00
2.958190e-01 1.033235e+00
2.962417e-01 1.031183e+00
2.966644e-01 1.029130e+00
2.970872e-01 1.027077e+00
2.975099e-01 1.025023e+00
2.979326e-01 1.022968e+00
2.983553e-01 1.020913e+00
2.987781e-01 1.018858e+00
2.992008e-01 1.016802e+00
2.996235e-01 1.014745e+00
3.000463e-01 1.012688e+00
3.004690e-01 1.010630e+00
3.008917e-01 1.008572e+00
3.013145e-01 1.006513e+00
3.017372e-01 1.004454e+00
3.021599e-01 1.002394e+00
3.025827e-01 1.000335e+00
3.030054e-01 9.982743e-01
3.034281e-01 9.962136e-01
3.038508e-01 9.941524e-01
3.042736e-01 9.920908e-01
3.046963e-01 9.900287e-01
3.051190e-01 9.879662e-01
3.055418e-01 9.859033e-01
3.059645e-01 9.838400e-01
3.063872e-01 9.817763e-01
3.068100e-01 9.797123e-01
3.072327e-01 9.776479e-01
3.076554e-01 9.755832e-01
3.080782e-01 9.735181e-01
3.085009e-01 9.714526e-01
3.089236e-01 9.693867e-01
3.093463e-01 9.673204e-01
3.097691e-01 9.652537e-01
3.101918e-01 9.631867e-01
3.106145e-01 9.611193e-01
3.110373e-01 9.590516e-01
3.114600e-01 9.569836e-01
3.118827e-01 9.549154e-01
3.123055e-01 9.528469e-01
3.127282e-01 9.507781e-01
3.131509e-01 9.487090e-01
3.135736e-01 9.466396e-01
3.139964e-01 9.445699e-01
3.144191e-01 9.424999e-01
3.148418e-01 9.404295e-01
3.152646e-01 9.383590e-01
3.156873e-01 9.362881e-01
3.161100e-01 9.342171e-01
3.165328e-01 9.321458e-01
3.169555e-01 9.300743e-01
3.173782e-01 9.280026e-01
3.178010e-01 9.259307e-01
3.182237e-01 9.238585e-01
3.186464e-01 9.217861e-01
3.190691e-01 9.197135e-01
3.194919e-01 9.176406e-01
3.199146e-01 9.155675e-01
3.203373e-01 9.134942e-01
3.207601e-01 9.114206e-01
3.211828e-01 9.093468e-01
3.216055e-01 9.072727e-01
3.220283e-01 9.051984e-01
3.224510e-01 9.031238e-01
3.228737e-01 9.010491e-01
3.232965e-01 8.989742e-01
3.237192e-01 8.968991e-01
3.241419e-01 8.948240e-01
3.245646e-01 8.927487e-01
3.249874e-01 8.906733e-01
3.254101e-01 8.885978e-01
3.258328e-01 8.865221e-01
3.262556e-01 8.844463e-01
3.266783e-01 8.823704e-01
3.271010e-01 8.802943e-01
3.275238e-01 8.782181e-01
3.279465e-01 8.761417e-01
3.283692e-01 8.740652e-01
3.287919e-01 8.719886e-01
3.292147e-01 8.699119e-01
3.296374e-01 8.678352e-01
3.300601e-01 8.657584e-01
3.304829e-01 8.636816e-01
3.309056e-01 8.616048e-01
3.313283e-01 8.595279e-01
3.317511e-01 8.574509e-01
3.321738e-01 8.553739e-01
3.325965e-01 8.532968e-01
3.330193e-01 8.512197e-01
3.334420e-01 8.491425e-01
3.338647e-01 8.470654e-01
3.342874e-01 8.449882e-01
3.347102e-01 8.429110e-01
3.351329e-01 8.408338e-01
3.355556e-01 8.387565e-01
3.359784e-01 8.366792e-01
3.364011e-01 8.346018e-01
3.368238e-01 8.325245e-01
3.372466e-01 8.304471e-01
3.376693e-01 8.283698e-01
3.380920e-01 8.262926e-01
3.385148e-01 8.242154e-01
3.389375e-01 8.221383e-01
3.393602e-01 8.200611e-01
3.397829e-01 8.179840e-01
3.402057e-01 8.159069e-01
3.406284e-01 8.138299e-01
3.410511e-01 8.117528e-01
3.414739e-01 8.096759e-01
3.418966e-01 8.075990e-01
3.423193e-01 8.055222e-01
3.427421e-01 8.034455e-01
3.431648e-01 8.013688e-01
3.435875e-01 7.992923e-01
3.440102e-01 7.972159e-01
3.444330e-01 7.951395e-01
3.448557e-01 7.930632e-01
3.452784e-01 7.909869e-01
3.457012e-01 7.889106e-01
3.461239e-01 7.868345e-01
3.465466e-01 7.847584e-01
3.469694e-01 7.826824e-01
3.473921e-01 7.806065e-01
3.478148e-01 7.785308e-01
3.482376e-01 7.764551e-01
3.486603e-01 7.743796e-01
3.490830e-01 7.723042e-01
3.495057e-01 7.702290e-01
3.499285e-01 7.681540e-01
3.503512e-01 7.660791e-01
3.507739e-01 7.640043e-01
3.511967e-01 7.619295e-01
3.516194e-01 7.598549e-01
3.520421e-01 7.577803e-01
3.524649e-01 7.557059e-01
3.528876e-01 7.536316e-01
3.533103e-01 7.515575e-01
3.537331e-01 7.494835e-01
3.541558e-01 7.474098e-01
3.545785e-01 7.453362e-01
3.550012e-01 7.432629e-01
3.554240e-01 7.411898e-01
3.558467e-01 7.391169e-01
3.562694e-01 7.370444e-01
3.566922e-01 7.349721e-01
3.571149e-01 7.329000e-01
3.575376e-01 7.308280e-01
3.579604e-01 7.287563e-01
3.583831e-01 7.266847e-01
3.588058e-01 7.246133e-01
3.592285e-01 7.225422e-01
3.596513e-01 7.204713e-01
3.600740e-01 7.184006e-01
3.604967e-01 7.163302e-01
3.609195e-01 7.142600e-01
3.613422e-01 7.121901e-01
3.617649e-01 7.101205e-01
3.621877e-01 7.080512e-01
3.626104e-01 7.059821e-01
3.630331e-01 7.039134e-01
3.634559e-01 7.018450e-01
3.638786e-01 6.997768e-01
3.643013e-01 6.977089e-01
3.647240e-01 6.956412e-01
3.651468e-01 6.935738e-01
3.655695e-01 6.915066e-01
3.659922e-01 6.894397e-01
3.664150e-01 6.873731e-01
3.668377e-01 6.853067e-01
3.672604e-01 6.832407e-01
3.676832e-01 6.811749e-01
3.681059e-01 6.791095e-01
3.685286e-01 6.770443e-01
3.689514e-01 6.749795e-01
3.693741e-01 6.729150e-01
3.697968e-01 6.708508e-01
3.702195e-01 6.687869e-01
3.706423e-01 6.667234e-01
3.710650e-01 6.646601e-01
3.714877e-01 6.625971e-01
3.719105e-01 6.605344e-01
3.723332e-01 6.584720e-01
3.727559e-01 6.564100e-01
3.731787e-01 6.543483e-01
3.736014e-01 6.522870e-01
3.740241e-01 6.502260e-01
3.744468e-01 6.481653e-01
3.748696e-01 6.461050e-01
3.752923e-01 6.440450e-01
3.757150e-01 6.419853e-01
3.761378e-01 6.399260e-01
3.765605e-01 6.378671e-01
3.769832e-01 6.358086e-01
3.774060e-01 6.337504e-01
3.778287e-01 6.316927e-01
3.782514e-01 6.296353e-01
3.786742e-01 6.275783e-01
3.790969e-01 6.255216e-01
3.795196e-01 6.234653e-01
3.799423e-01 6.214094e-01
3.803651e-01 6.193539e-01
3.807878e-01 6.172987e-01
3.812105e-01 6.152440e-01
3.816333e-01 6.131896e-01
3.820560e-01 6.111357e-01
3.824787e-01 6.090822e-01
3.829015e-01 6.070291e-01
3.833242e-01 6.049764e-01
3.837469e-01 6.029241e-01
3.841697e-01 6.008723e-01
3.845924e-01 5.988209e-01
3.850151e-01 5.967699e-01
3.854378e-01 5.947192e-01
3.858606e-01 5.926690e-01
3.862833e-01 5.906191e-01
3.867060e-01 5.885697e-01
3.871288e-01 5.865207e-01
3.875515e-01 5.844722e-01
3.879742e-01 5.824241e-01
3.883970e-01 5.803765e-01
3.888197e-01 5.783293e-01
3.892424e-01 5.762826e-01
3.896651e-01 5.742364e-01
3.900879e-01 5.721907e-01
3.905106e-01 5.701454e-01
3.909333e-01 5.681006e-01
3.913561e-01 5.660563e-01
3.917788e-01 5.640124e-01
3.922015e-01 5.619689e-01
3.926243e-01 5.599259e-01
3.930470e-01 5.578834e-01
3.934697e-01 5.558413e-01
3.938925e-01 5.537997e-01
3.943152e-01 5.517586e-01
3.947379e-01 5.497179e-01
3.951606e-01 5.476776e-01
3.955834e-01 5.456379e-01
3.960061e-01 5.435986e-01
3.964288e-01 5.415597e-01
3.968516e-01 5.395214e-01
3.972743e-01 5.374835e-01
3.976970e-01 5.354461e-01
3.981198e-01 5.334091e-01
3.985425e-01 5.313726e-01
3.989652e-01 5.293366e-01
3.993880e-01 5.273011e-01
3.998107e-01 5.252661e-01
4.002334e-01 5.232316e-01
4.006561e-01 5.211977e-01
4.010789e-01 5.191644e-01
4.015016e-01 5.171315e-01
4.019243e-01 5.150992e-01
4.023471e-01 5.130674e-01
4.027698e-01 5.110361e-01
4.031925e-01 5.090053e-01
4.036153e-01 5.069750e-01
4.040380e-01 5.049452e-01
4.044607e-01 5.029159e-01
4.048834e-01 5.008871e-01
4.053062e-01 4.988588e-01
4.057289e-01 4.968311e-01
4.061516e-01 4.948039e-01
4.065744e-01 4.927773e-01
4.069971e-01 4.907511e-01
4.074198e-01 4.887255e-01
4.078426e-01 4.867004e-01
4.082653e-01 4.846758e-01
4.086880e-01 4.826518e-01
4.091108e-01 4.806283e-01
4.095335e-01 4.786053e-01
4.099562e-01 4.765830e-01
4.103789e-01 4.745612e-01
4.108017e-01 4.725400e-01
4.112244e-01 4.705194e-01
4.116471e-01 4.684993e-01
4.120699e-01 4.664798e-01
4.124926e-01 4.644608e-01
4.129153e-01 4.624424e-01
4.133381e-01 4.604246e-01
4.137608e-01 4.584073e-01
4.141835e-01 4.563906e-01
4.146063e-01 4.543745e-01
4.150290e-01 4.523590e-01
4.154517e-01 4.503440e-01
4.158744e-01 4.483296e-01
4.162972e-01 4.463158e-01
4.167199e-01 4.443026e-01
4.171426e-01 4.422899e-01
4.175654e-01 4.402778e-01
4.179881e-01 4.382662e-01
4.184108e-01 4.362552e-01
4.188336e-01 4.342448e-01
4.192563e-01 4.322349e-01
4.196790e-01 4.302256e-01
4.201017e-01 4.282168e-01
4.205245e-01 4.262085e-01
4.209472e-01 4.242009e-01
4.213699e-01 4.221938e-01
4.217927e-01 4.201874e-01
4.222154e-01 4.181815e-01
4.226381e-01 4.161763e-01
4.230609e-01 4.141718e-01
4.234836e-01 4.121678e-01
4.239063e-01 4.101644e-01
4.243291e-01 4.081617e-01
4.247518e-01 4.061595e-01
4.251745e-01 4.041579e-01
4.255972e-01 4.021569e-01
4.260200e-01 4.001565e-01
4.264427e-01 3.981567e-01
4.268654e-01 3.961574e-01
4.272882e-01 3.941587e-01
4.277109e-01 3.921606e-01
4.281336e-01 3.901631e-01
4.285564e-01 3.881663e-01
4.289791e-01 3.861700e-01
4.294018e-01 3.841744e-01
4.298246e-01 3.821794e-01
4.302473e-01 3.801850e-01
4.306700e-01 3.781913e-01
4.310927e-01 3.761982e-01
4.315155e-01 3.742057e-01
4.319382e-01 3.722138e-01
4.323609e-01 3.702225e-01
4.327837e-01 3.682319e-01
4.332064e-01 3.662419e-01
4.336291e-01 3.642525e-01
4.340519e-01 3.622637e-01
4.344746e-01 3.602756e-01
4.348973e-01 3.582880e-01
4.353200e-01 3.563011e-01
4.357428e-01 3.543147e-01
4.361655e-01 3.523291e-01
4.365882e-01 3.503440e-01
4.370110e-01 3.483597e-01
4.374337e-01 3.463759e-01
4.378564e-01 3.443929e-01
4.382792e-01 3.424105e-01
4.387019e-01 3.404288e-01
4.391246e-01 3.384478e-01
4.395474e-01 3.364674e-01
4.399701e-01 3.344877e-01
4.403928e-01 3.325087e-01
4.408155e-01 3.305302e-01
4.412383e-01 3.285524e-01
4.416610e-01 3.265752e-01
4.420837e-01 3.245986e-01
4.425065e-01 3.226227e-01
4.429292e-01 3.206473e-01
4.433519e-01 3.186726e-01
4.437747e-01 3.166985e-01
4.441974e-01 3.147251e-01
4.446201e-01 3.127523e-01
4.450429e-01 3.107802e-01
4.454656e-01 3.088088e-01
4.458883e-01 3.068380e-01
4.463110e-01 3.048680e-01
4.467338e-01 3.028986e-01
4.471565e-01 3.009299e-01
4.475792e-01 2.989618e-01
4.480020e-01 2.969944e-01
4.484247e-01 2.950277e-01
4.488474e-01 2.930616e-01
4.492702e-01 2.910962e-01
4.496929e-01 2.891315e-01
4.501156e-01 2.871674e-01
4.505383e-01 2.852040e-01
4.509611e-01 2.832412e-01
4.513838e-01 2.812791e-01
4.518065e-01 2.793177e-01
4.522293e-01 2.773569e-01
4.526520e-01 2.753968e-01
4.530747e-01 2.734373e-01
4.534975e-01 2.714785e-01
4.539202e-01 2.695203e-01
4.543429e-01 2.675628e-01
4.547657e-01 2.656060e-01
4.551884e-01 2.636498e-01
4.556111e-01 2.616942e-01
4.560338e-01 2.597394e-01
4.564566e-01 2.577852e-01
4.568793e-01 2.558317e-01
4.573020e-01 2.538788e-01
4.577248e-01 2.519267e-01
4.581475e-01 2.499751e-01
4.585702e-01 2.480243e-01
4.589930e-01 2.460741e-01
4.594157e-01 2.441246e-01
4.598384e-01 2.421757e-01
4.602612e-01 2.402275e-01
4.606839e-01 2.382800e-01
4.611066e-01 2.363332e-01
4.615293e-01 2.343870e-01
4.619521e-01 2.324415e-01
4.623748e-01 2.304966e-01
4.627975e-01 2.285524e-01
4.632203e-01 2.266089e-01
4.636430e-01 2.246660e-01
4.640657e-01 2.227239e-01
4.644885e-01 2.207825e-01
4.649112e-01 2.188418e-01
4.653339e-01 2.169019e-01
4.657566e-01 2.149626e-01
4.661794e-01 2.130241e-01
4.666021e-01 2.110862e-01
4.670248e-01 2.091491e-01
4.674476e-01 2.072126e-01
4.678703e-01 2.052768e-01
4.682930e-01 2.033417e-01
4.687158e-01 2.014073e-01
4.691385e-01 1.994735e-01
4.695612e-01 1.975404e-01
4.699840e-01 1.956080e-01
4.704067e-01 1.936763e-01
4.708294e-01 1.917452e-01
4.712521e-01 1.898149e-01
4.716749e-01 1.878852e-01
4.720976e-01 1.859562e-01
4.725203e-01 1.840280e-01
4.729431e-01 1.821004e-01
4.733658e-01 1.801735e-01
4.737885e-01 1.782473e-01
4.742113e-01 1.763218e-01
4.746340e-01 1.743970e-01
4.750567e-01 1.724729e-01
4.754795e-01 1.705495e-01
4.759022e-01 1.686268e-01
4.763249e-01 1.667048e-01
4.767476e-01 1.647835e-01
4.771704e-01 1.628629e-01
4.775931e-01 1.609430e-01
4.780158e-01 1.590237e-01
4.784386e-01 1.571052e-01
4.788613e-01 1.551874e-01
4.792840e-01 1.532703e-01
4.797068e-01 1.513539e-01
4.801295e-01 1.494382e-01
4.805522e-01 1.475232e-01
4.809749e-01 1.456088e-01
4.813977e-01 1.436952e-01
4.818204e-01 1.417823e-01
4.822431e-01 1.398700e-01
4.826659e-01 1.379585e-01
4.830886e-01 1.360477e-01
4.835113e-01 1.341375e-01
4.839341e-01 1.322281e-01
4.843568e-01 1.303193e-01
4.847795e-01 1.284112e-01
4.852023e-01 1.265038e-01
4.856250e-01 1.245971e-01
4.860477e-01 1.226911e-01
4.864704e-01 1.207857e-01
4.868932e-01 1.188811e-01
4.873159e-01 1.169772e-01
4.877386e-01 1.150739e-01
4.881614e-01 1.131714e-01
4.885841e-01 1.112696e-01
4.890068e-01 1.093685e-01
4.894296e-01 1.074682e-01
4.898523e-01 1.055686e-01
4.902750e-01 1.036698e-01
4.906978e-01 1.017716e-01
4.911205e-01 9.987428e-02
4.915432e-01 9.797763e-02
4.919659e-01 9.608168e-02
4.923887e-01 9.418644e-02
4.928114e-01 9.229187e-02
4.932341e-01 9.039798e-02
4.936569e-01 8.850474e-02
4.940796e-01 8.661218e-02
4.945023e-01 8.472031e-02
4.949251e-01 8.282914e-02
4.953478e-01 8.093870e-02
4.957705e-01 7.904901e-02
4.961932e-01 7.716008e-02
4.966160e-01 7.527193e-02
4.970387e-01 7.338455e-02
4.974614e-01 7.149793e-02
4.978842e-01 6.961206e-02
4.983069e-01 6.772692e-02
4.987296e-01 6.584249e-02
4.991524e-01 6.395877e-02
4.995751e-01 6.207573e-02
4.999978e-01 6.019337e-02
5.004206e-01 5.831171e-02
5.008433e-01 5.643074e-02
5.012660e-01 5.455048e-02
5.016887e-01 5.267092e-02
5.021115e-01 5.079206e-02
5.025342e-01 4.891391e-02
5.029569e-01 4.703647e-02
5.033797e-01 4.515974e-02
5.038024e-01 4.328373e-02
5.042251e-01 4.140843e-02
5.046479e-01 3.953384e-02
5.050706e-01 3.765998e-02
5.054933e-01 3.578684e-02
5.059161e-01 3.391442e-02
5.063388e-01 3.204274e-02
5.067615e-01 3.017178e-02
5.071842e-01 2.830154e-02
5.076070e-01 2.643202e-02
5.080297e-01 2.456322e-02
5.084524e-01 2.269513e-02
5.088752e-01 2.082776e-02
5.092979e-01 1.896111e-02
5.097206e-01 1.709518e-02
5.101434e-01 1.522997e-02
5.105661e-01 1.336548e-02
5.109888e-01 1.150171e-02
5.114115e-01 9.638671e-03
5.118343e-01 7.776353e-03
5.122570e-01 5.914760e-03
5.126797e-01 4.053894e-03
5.131025e-01 2.193756e-03
5.135252e-01 3.343465e-04
5.139479e-01 -1.524335e-03
5.143707e-01 -3.382293e-03
5.147934e-01 -5.239528e-03
5.152161e-01 -7.096040e-03
5.156389e-01 -8.951829e-03
5.160616e-01 -1.080689e-02
5.164843e-01 -1.266123e-02
5.169070e-01 -1.451485e-02
5.173298e-01 -1.636773e-02
5.177525e-01 -1.821989e-02
5.181752e-01 -2.007133e-02
5.185980e-01 -2.192203e-02
5.190207e-01 -2.377201e-02
5.194434e-01 -2.562126e-02
5.198662e-01 -2.746978e-02
5.202889e-01 -2.931757e-02
5.207116e-01 -3.116463e-02
5.211344e-01 -3.301097e-02
5.215571e-01 -3.485658e-02
5.219798e-01 -3.670147e-02
5.224025e-01 -3.854562e-02
5.228253e-01 -4.038905e-02
5.232480e-01 -4.223176e-02
5.236707e-01 -4.407373e-02
5.240935e-01 -4.591498e-02
5.245162e-01 -4.775549e-02
5.249389e-01 -4.959527e-02
5.253617e-01 -5.143433e-02
5.257844e-01 -5.327265e-02
5.262071e-01 -5.511024e-02
5.266298e-01 -5.694710e-02
5.270526e-01 -5.878322e-02
5.274753e-01 -6.061860e-02
5.278980e-01 -6.245326e-02
5.283208e-01 -6.428717e-02
5.287435e-01 -6.612036e-02
5.291662e-01 -6.795281e-02
5.295890e-01 -6.978454e-02
5.300117e-01 -7.161554e-02
5.304344e-01 -7.344581e-02
5.308572e-01 -7.527536e-02
5.312799e-01 -7.710418e-02
5.317026e-01 -7.893228e-02
5.321253e-01 -8.075967e-02
5.325481e-01 -8.258633e-02
5.329708e-01 -8.441227e-02
5.333935e-01 -8.623750e-02
5.338163e-01 -8.806200e-02
5.342390e-01 -8.988578e-02
5.346617e-01 -9.170883e-02
5.350845e-01 -9.353116e-02
5.355072e-01 -9.535277e-02
5.359299e-01 -9.717366e-02
5.363527e-01 -9.899382e-02
5.367754e-01 -1.008133e-01
5.371981e-01 -1.026320e-01
5.376208e-01 -1.044500e-01
5.380436e-01 -1.062672e-01
5.384663e-01 -1.080838e-01
5.388890e-01 -1.098996e-01
5.393118e-01 -1.117147e-01
5.397345e-01 -1.135291e-01
5.401572e-01 -1.153428e-01
5.405800e-01 -1.171557e-01
5.410027e-01 -1.189679e-01
5.414254e-01 -1.207794e-01
5.418481e-01 -1.225902e-01
5.422709e-01 -1.244002e-01
5.426936e-01 -1.262096e-01
5.431163e-01 -1.280182e-01
5.435391e-01 -1.298261e-01
5.439618e-01 -1.316332e-01
5.443845e-01 -1.334396e-01
5.448073e-01 -1.352454e-01
5.452300e-01 -1.370503e-01
5.456527e-01 -1.388546e-01
5.460755e-01 -1.406581e-01
5.464982e-01 -1.424609e-01
5.469209e-01 -1.442630e-01
5.473436e-01 -1.460644e-01
5.477664e-01 -1.478650e-01
5.481891e-01 -1.496649e-01
5.486118e-01 -1.514641e-01
5.490346e-01 -1.532626e-01
5.494573e-01 -1.550603e-01
5.498800e-01 -1.568573e-01
5.503028e-01 -1.586536e-01
5.507255e-01 -1.604492e-01
5.511482e-01 -1.622441e-01
5.515710e-01 -1.640382e-01
5.519937e-01 -1.658316e-01
5.524164e-01 -1.676243e-01
5.528391e-01 -1.694162e-01
5.532619e-01 -1.712074e-01
5.536846e-01 -1.729979e-01
5.541073e-01 -1.747877e-01
5.545301e-01 -1.765767e-01
5.549528e-01 -1.783651e-01
5.553755e-01 -1.801527e-01
5.557983e-01 -1.819396e-01
5.562210e-01 -1.837258e-01
5.566437e-01 -1.855113e-01
5.570664e-01 -1.872960e-01
5.574892e-01 -1.890801e-01
5.579119e-01 -1.908634e-01
5.583346e-01 -1.926460e-01
5.587574e-01 -1.944279e-01
5.591801e-01 -1.962091e-01
5.596028e-01 -1.979895e-01
5.600256e-01 -1.997693e-01
5.604483e-01 -2.015483e-01
5.608710e-01 -2.033266e-01
5.612938e-01 -2.051042e-01
5.617165e-01 -2.068811e-01
5.621392e-01 -2.086573e-01
5.625619e-01 -2.104328e-01
5.629847e-01 -2.122076e-01
5.634074e-01 -2.139817e-01
5.638301e-01 -2.157551e-01
5.642529e-01 -2.175278e-01
5.646756e-01 -2.192998e-01
5.650983e-01 -2.210711e-01
5.655211e-01 -2.228416e-01
5.659438e-01 -2.246115e-01
5.663665e-01 -2.263807e-01
5.667893e-01 -2.281491e-01
5.672120e-01 -2.299169e-01
5.676347e-01 -2.316839e-01
5.680574e-01 -2.334502e-01
5.684802e-01 -2.352159e-01
5.689029e-01 -2.369808e-01
5.693256e-01 -2.387450e-01
5.697484e-01 -2.405085e-01
5.701711e-01 -2.422713e-01
5.705938e-01 -2.440334e-01
5.710166e-01 -2.457948e-01
5.714393e-01 -2.475555e-01
5.718620e-01 -2.493155e-01
5.722847e-01 -2.510748e-01
5.727075e-01 -2.528334e-01
5.731302e-01 -2.545912e-01
5.735529e-01 -2.563484e-01
5.739757e-01 -2.581048e-01
5.743984e-01 -2.598605e-01
5.748211e-01 -2.616155e-01
5.752439e-01 -2.633699e-01
5.756666e-01 -2.651235e-01
5.760893e-01 -2.668764e-01
5.765121e-01 -2.686286e-01
5.769348e-01 -2.703801e-01
5.773575e-01 -2.721308e-01
5.777802e-01 -2.738809e-01
5.782030e-01 -2.756302e-01
5.786257e-01 -2.773789e-01
5.790484e-01 -2.791268e-01
5.794712e-01 -2.808740e-01
5.798939e-01 -2.826204e-01
5.803166e-01 -2.843662e-01
5.807394e-01 -2.861112e-01
5.811621e-01 -2.878555e-01
5.815848e-01 -2.895991e-01
5.820076e-01 -2.913420e-01
5.824303e-01 -2.930842e-01
5.828530e-01 -2.948256e-01
5.832757e-01 -2.965664e-01
5.836985e-01 -2.983064e-01
5.841212e-01 -3.000457e-01
5.845439e-01 -3.017843e-01
5.849667e-01 -3.035222e-01
5.853894e-01 -3.052594e-01
5.858121e-01 -3.069958e-01
5.862349e-01 -3.087316e-01
5.866576e-01 -3.104666e-01
5.870803e-01 -3.122009e-01
5.875030e-01 -3.139345e-01
5.879258e-01 -3.156674e-01
5.883485e-01 -3.173996e-01
5.887712e-01 -3.191311e-01
5.891940e-01 -3.208618e-01
5.896167e-01 -3.225919e-01
5.900394e-01 -3.243212e-01
5.904622e-01 -3.260499e-01
5.908849e-01 -3.277778e-01
5.913076e-01 -3.295051e-01
5.917304e-01 -3.312316e-01
5.921531e-01 -3.329574e-01
5.925758e-01 -3.346826e-01
5.929985e-01 -3.364070e-01
5.934213e-01 -3.381307e-01
5.938440e-01 -3.398537e-01
5.942667e-01 -3.415759e-01
5.946895e-01 -3.432975e-01
5.951122e-01 -3.450183e-01
5.955349e-01 -3.467384e-01
5.959577e-01 -3.484578e-01
5.963804e-01 -3.501765e-01
5.968031e-01 -3.518944e-01
5.972259e-01 -3.536116e-01
5.976486e-01 -3.553281e-01
5.980713e-01 -3.570439e-01
5.984940e-01 -3.587590e-01
5.989168e-01 -3.604733e-01
5.993395e-01 -3.621870e-01
5.997622e-01 -3.638999e-01
6.001850e-01 -3.656121e-01
6.006077e-01 -3.673236e-01
6.010304e-01 -3.690344e-01
6.014532e-01 -3.707445e-01
6.018759e-01 -3.724538e-01
6.022986e-01 -3.741625e-01
6.027213e-01 -3.758704e-01
6.031441e-01 -3.775777e-01
6.035668e-01 -3.792842e-01
6.039895e-01 -3.809899e-01
6.044123e-01 -3.826950e-01
6.048350e-01 -3.843993e-01
6.052577e-01 -3.861028e-01
6.056805e-01 -3.878057e-01
6.061032e-01 -3.895078e-01
6.065259e-01 -3.912091e-01
6.069487e-01 -3.929098e-01
6.073714e-01 -3.946097e-01
6.077941e-01 -3.963089e-01
6.082168e-01 -3.980074e-01
6.086396e-01 -3.997051e-01
6.090623e-01 -4.014020e-01
6.094850e-01 -4.030982e-01
6.099078e-01 -4.047937e-01
6.103305e-01 -4.064884e-01
6.107532e-01 -4.081823e-01
6.111760e-01 -4.098755e-01
6.115987e-01 -4.115680e-01
6.120214e-01 -4.132597e-01
6.124442e-01 -4.149507e-01
6.128669e-01 -4.166410e-01
6.132896e-01 -4.183306e-01
6.137123e-01 -4.200194e-01
6.141351e-01 -4.217076e-01
6.145578e-01 -4.233951e-01
6.149805e-01 -4.250818e-01
6.154033e-01 -4.267678e-01
6.158260e-01 -4.284530e-01
6.162487e-01 -4.301375e-01
6.166715e-01 -4.318212e-01
6.170942e-01 -4.335040e-01
6.175169e-01 -4.351861e-01
6.179396e-01 -4.368673e-01
6.183624e-01 -4.385478e-01
6.187851e-01 -4.402275e-01
6.192078e-01 -4.419065e-01
6.196306e-01 -4.435848e-01
6.200533e-01 -4.452623e-01
6.204760e-01 -4.469391e-01
6.208988e-01 -4.486151e-01
6.213215e-01 -4.502904e-01
6.217442e-01 -4.519650e-01
6.221670e-01 -4.536388e-01
6.225897e-01 -4.553120e-01
6.230124e-01 -4.569845e-01
6.234351e-01 -4.586562e-01
6.238579e-01 -4.603272e-01
6.242806e-01 -4.619974e-01
6.247033e-01 -4.636668e-01
6.251261e-01 -4.653354e-01
6.255488e-01 -4.670032e-01
6.259715e-01 -4.686701e-01
6.263943e-01 -4.703362e-01
6.268170e-01 -4.720016e-01
6.272397e-01 -4.736662e-01
6.276625e-01 -4.753301e-01
6.280852e-01 -4.769934e-01
6.285079e-01 -4.786560e-01
6.289306e-01 -4.803178e-01
6.293534e-01 -4.819788e-01
6.297761e-01 -4.836390e-01
6.301988e-01 -4.852983e-01
6.306216e-01 -4.869567e-01
6.310443e-01 -4.886144e-01
6.314670e-01 -4.902713e-01
6.318898e-01 -4.919275e-01
6.323125e-01 -4.935830e-01
6.327352e-01 -4.952378e-01
6.331579e-01 -4.968918e-01
6.335807e-01 -4.985451e-01
6.340034e-01 -5.001975e-01
6.344261e-01 -5.018490e-01
6.348489e-01 -5.034995e-01
6.352716e-01 -5.051492e-01
6.356943e-01 -5.067981e-01
6.361171e-01 -5.084462e-01
6.365398e-01 -5.100936e-01
6.369625e-01 -5.117402e-01
6.373853e-01 -5.133861e-01
6.378080e-01 -5.150312e-01
6.382307e-01 -5.166754e-01
6.386534e-01 -5.183187e-01
6.390762e-01 -5.199612e-01
6.394989e-01 -5.216028e-01
6.399216e-01 -5.232435e-01
6.403444e-01 -5.248835e-01
6.407671e-01 -5.265226e-01
6.411898e-01 -5.281609e-01
6.416126e-01 -5.297983e-01
6.420353e-01 -5.314349e-01
6.424580e-01 -5.330707e-01
6.428808e-01 -5.347057e-01
6.433035e-01 -5.363399e-01
6.437262e-01 -5.379733e-01
6.441489e-01 -5.396058e-01
6.445717e-01 -5.412375e-01
6.449944e-01 -5.428683e-01
6.454171e-01 -5.444981e-01
6.458399e-01 -5.461270e-01
6.462626e-01 -5.477550e-01
6.466853e-01 -5.493821e-01
6.471081e-01 -5.510084e-01
6.475308e-01 -5.526338e-01
6.479535e-01 -5.542585e-01
6.483762e-01 -5.558823e-01
6.487990e-01 -5.575051e-01
6.492217e-01 -5.591269e-01
6.496444e-01 -5.607475e-01
6.500672e-01 -5.623673e-01
6.504899e-01 -5.639862e-01
6.509126e-01 -5.656044e-01
6.513354e-01 -5.672217e-01
6.517581e-01 -5.688382e-01
6.521808e-01 -5.704536e-01
6.526036e-01 -5.720681e-01
6.530263e-01 -5.736817e-01
6.534490e-01 -5.752943e-01
6.538717e-01 -5.769060e-01
6.542945e-01 -5.785167e-01
6.547172e-01 -5.801265e-01
6.551399e-01 -5.817353e-01
6.555627e-01 -5.833431e-01
6.559854e-01 -5.849500e-01
6.564081e-01 -5.865559e-01
6.568309e-01 -5.881609e-01
6.572536e-01 -5.897648e-01
6.576763e-01 -5.913676e-01
6.580991e-01 -5.929693e-01
6.585218e-01 -5.945701e-01
6.589445e-01 -5.961699e-01
6.593672e-01 -5.977688e-01
6.597900e-01 -5.993666e-01
6.602127e-01 -6.009634e-01
6.606354e-01 -6.025593e-01
6.610582e-01 -6.041541e-01
6.614809e-01 -6.057477e-01
6.619036e-01 -6.073403e-01
6.623264e-01 -6.089320e-01
6.627491e-01 -6.105229e-01
6.631718e-01 -6.121126e-01
6.635945e-01 -6.137009e-01
6.640173e-01 -6.152882e-01
6.644400e-01 -6.168744e-01
6.648627e-01 -6.184594e-01
6.652855e-01 -6.200435e-01
6.657082e-01 -6.216266e-01
6.661309e-01 -6.232088e-01
6.665537e-01 -6.247903e-01
6.669764e-01 -6.263708e-01
6.673991e-01 -6.279498e-01
6.678219e-01 -6.295273e-01
6.682446e-01 -6.311037e-01
6.686673e-01 -6.326794e-01
6.690900e-01 -6.342542e-01
6.695128e-01 -6.358277e-01
6.699355e-01 -6.373999e-01
6.703582e-01 -6.389715e-01
6.707810e-01 -6.405421e-01
6.712037e-01 -6.421113e-01
6.716264e-01 -6.436794e-01
6.720492e-01 -6.452464e-01
6.724719e-01 -6.468125e-01
6.728946e-01 -6.483777e-01
6.733174e-01 -6.499416e-01
6.737401e-01 -6.515043e-01
6.741628e-01 -6.530657e-01
6.745855e-01 -6.546261e-01
6.750083e-01 -6.561853e-01
6.754310e-01 -6.577440e-01
6.758537e-01 -6.593020e-01
6.762765e-01 -6.608579e-01
6.766992e-01 -6.624131e-01
6.771219e-01 -6.639673e-01
6.775447e-01 -6.655199e-01
6.779674e-01 -6.670715e-01
6.783901e-01 -6.686222e-01
6.788128e-01 -6.701719e-01
6.792356e-01 -6.717198e-01
6.796583e-01 -6.732663e-01
6.800810e-01 -6.748127e-01
6.805038e-01 -6.763575e-01
6.809265e-01 -6.779005e-01
6.813492e-01 -6.794430e-01
6.817720e-01 -6.809840e-01
6.821947e-01 -6.825232e-01
6.826174e-01 -6.840622e-01
6.830402e-01 -6.855988e-01
6.834629e-01 -6.871351e-01
6.838856e-01 -6.886698e-01
6.843083e-01 -6.902027e-01
6.847311e-01 -6.917342e-01
6.851538e-01 -6.932646e-01
6.855765e-01 -6.947943e-01
6.859993e-01 -6.963211e-01
6.864220e-01 -6.978476e-01
6.868447e-01 -6.993730e-01
6.872675e-01 -7.008958e-01
6.876902e-01 -7.024175e-01
6.881129e-01 -7.039377e-01
6.885357e-01 -7.054566e-01
6.889584e-01 -7.069746e-01
6.893811e-01 -7.084903e-01
6.898038e-01 -7.100043e-01
6.902266e-01 -7.115164e-01
6.906493e-01 -7.130278e-01
6.910720e-01 -7.145376e-01
6.914948e-01 -7.160450e-01
6.919175e-01 -7.175504e-01
6.923402e-01 -7.190548e-01
6.927630e-01 -7.205575e-01
6.931857e-01 -7.220581e-01
6.936084e-01 -7.235574e-01
6.940311e-01 -7.250543e-01
6.944539e-01 -7.265497e-01
6.948766e-01 -7.280425e-01
6.952993e-01 -7.295343e-01
6.957221e-01 -7.310239e-01
6.961448e-01 -7.325116e-01
6.965675e-01 -7.339971e-01
6.969903e-01 -7.354805e-01
6.974130e-01 -7.369618e-01
6.978357e-01 -7.384417e-01
6.982585e-01 -7.399189e-01
6.986812e-01 -7.413936e-01
6.991039e-01 -7.428662e-01
6.995266e-01 -7.443378e-01
6.999494e-01 -7.458060e-01
7.003721e-01 -7.472723e-01
7.007948e-01 -7.487354e-01
7.012176e-01 -7.501966e-01
7.016403e-01 -7.516560e-01
7.020630e-01 -7.531121e-01
7.024858e-01 -7.545662e-01
7.029085e-01 -7.560177e-01
7.033312e-01 -7.574662e-01
7.037540e-01 -7.589126e-01
7.041767e-01 -7.603560e-01
7.045994e-01 -7.617963e-01
7.050221e-01 -7.632345e-01
7.054449e-01 -7.646695e-01
7.058676e-01 -7.661016e-01
7.062903e-01 -7.675305e-01
7.067131e-01 -7.689575e-01
7.071358e-01 -7.703803e-01
7.075585e-01 -7.718008e-01
7.079813e-01 -7.732171e-01
7.084040e-01 -7.746308e-01
7.088267e-01 -7.760417e-01
7.092494e-01 -7.774482e-01
7.096722e-01 -7.788523e-01
7.100949e-01 -7.802527e-01
7.105176e-01 -7.816492e-01
7.109404e-01 -7.830422e-01
7.113631e-01 -7.844325e-01
7.117858e-01 -7.858176e-01
7.122086e-01 -7.872006e-01
7.126313e-01 -7.885793e-01
7.130540e-01 -7.899535e-01
7.134768e-01 -7.913263e-01
7.138995e-01 -7.926753e-01
7.143222e-01 -7.940226e-01
7.147449e-01 -7.953716e-01
7.151677e-01 -7.967229e-01
7.155904e-01 -7.980743e-01
7.160131e-01 -7.994283e-01
7.164359e-01 -8.007827e-01
7.168586e-01 -8.021389e-01
7.172813e-01 -8.034964e-01
7.177041e-01 -8.048545e-01
7.181268e-01 -8.062143e-01
7.185495e-01 -8.075761e-01
7.189723e-01 -8.089388e-01
7.193950e-01 -8.103028e-01
7.198177e-01 -8.116687e-01
7.202404e-01 -8.130355e-01
7.206632e-01 -8.144036e-01
7.210859e-01 -8.157730e-01
7.215086e-01 -8.171438e-01
7.219314e-01 -8.185161e-01
7.223541e-01 -8.198900e-01
7.227768e-01 -8.212651e-01
7.231996e-01 -8.226414e-01
7.236223e-01 -8.240195e-01
7.240450e-01 -8.253982e-01
7.244677e-01 -8.267789e-01
7.248905e-01 -8.281616e-01
7.253132e-01 -8.295450e-01
7.257359e-01 -8.309298e-01
7.261587e-01 -8.323158e-01
7.265814e-01 -8.337038e-01
7.270041e-01 -8.350934e-01
7.274269e-01 -8.364843e-01
7.278496e-01 -8.378766e-01
7.282723e-01 -8.392701e-01
7.286951e-01 -8.406650e-01
7.291178e-01 -8.420620e-01
7.295405e-01 -8.434600e-01
7.299632e-01 -8.448590e-01
7.303860e-01 -8.462597e-01
7.308087e-01 -8.476621e-01
7.312314e-01 -8.490666e-01
7.316542e-01 -8.504725e-01
7.320769e-01 -8.518794e-01
7.324996e-01 -8.532877e-01
7.329224e-01 -8.546975e-01
7.333451e-01 -8.561090e-01
7.337678e-01 -8.575229e-01
7.341906e-01 -8.589374e-01
7.346133e-01 -8.603533e-01
7.350360e-01 -8.617713e-01
7.354587e-01 -8.631907e-01
7.358815e-01 -8.646116e-01
7.363042e-01 -8.660340e-01
7.367269e-01 -8.674580e-01
7.371497e-01 -8.688835e-01
7.375724e-01 -8.703107e-01
7.379951e-01 -8.717394e-01
7.384179e-01 -8.731698e-01
7.388406e-01 -8.746019e-01
7.392633e-01 -8.760360e-01
7.396860e-01 -8.774716e-01
7.401088e-01 -8.789080e-01
7.405315e-01 -8.803462e-01
7.409542e-01 -8.817863e-01
7.413770e-01 -8.832283e-01
7.417997e-01 -8.846723e-01
7.422224e-01 -8.861176e-01
7.426452e-01 -8.875642e-01
7.430679e-01 -8.890124e-01
7.434906e-01 -8.904626e-01
7.439134e-01 -8.919143e-01
7.443361e-01 -8.933673e-01
7.447588e-01 -8.948222e-01
7.451815e-01 -8.962792e-01
7.456043e-01 -8.977378e-01
7.460270e-01 -8.991979e-01
7.464497e-01 -9.006597e-01
7.468725e-01 -9.021234e-01
7.472952e-01 -9.035888e-01
7.477179e-01 -9.050560e-01
7.481407e-01 -9.065249e-01
7.485634e-01 -9.079956e-01
7.489861e-01 -9.094679e-01
7.494089e-01 -9.109419e-01
7.498316e-01 -9.124174e-01
7.502543e-01 -9.138948e-01
7.506770e-01 -9.153741e-01
7.510998e-01 -9.168553e-01
7.515225e-01 -9.183382e-01
7.519452e-01 -9.198228e-01
7.523680e-01 -9.213093e-01
7.527907e-01 -9.227978e-01
7.532134e-01 -9.242882e-01
7.536362e-01 -9.257801e-01
7.540589e-01 -9.272737e-01
7.544816e-01 -9.287692e-01
7.549043e-01 -9.302666e-01
7.553271e-01 -9.317658e-01
7.557498e-01 -9.332669e-01
7.561725e-01 -9.347699e-01
7.565953e-01 -9.362749e-01
7.570180e-01 -9.377820e-01
7.574407e-01 -9.392908e-01
7.578635e-01 -9.408013e-01
7.582862e-01 -9.423138e-01
7.587089e-01 -9.438282e-01
7.591317e-01 -9.453444e-01
7.595544e-01 -9.468628e-01
7.599771e-01 -9.483834e-01
7.603998e-01 -9.499057e-01
7.608226e-01 -9.514298e-01
7.612453e-01 -9.529559e-01
7.616680e-01 -9.544840e-01
7.620908e-01 -9.560141e-01
7.625135e-01 -9.575463e-01
7.629362e-01 -9.590807e-01
7.633590e-01 -9.606172e-01
7.637817e-01 -9.621555e-01
7.642044e-01 -9.636958e-01
7.646272e-01 -9.652379e-01
7.650499e-01 -9.667821e-01
7.654726e-01 -9.683281e-01
7.658953e-01 -9.698764e-01
7.663181e-01 -9.714269e-01
7.667408e-01 -9.729795e-01
7.671635e-01 -9.745342e-01
7.675863e-01 -9.760909e-01
7.680090e-01 -9.776497e-01
7.684317e-01 -9.792106e-01
7.688545e-01 -9.807738e-01
7.692772e-01 -9.823392e-01
7.696999e-01 -9.839068e-01
7.701226e-01 -9.854764e-01
7.705454e-01 -9.870479e-01
7.709681e-01 -9.886216e-01
7.713908e-01 -9.901976e-01
7.718136e-01 -9.917758e-01
7.722363e-01 -9.933561e-01
7.726590e-01 -9.949387e-01
7.730818e-01 -9.965234e-01
7.735045e-01 -9.981101e-01
7.739272e-01 -9.996990e-01
7.743500e-01 -1.001290e+00
7.747727e-01 -1.002884e+00
7.751954e-01 -1.004479e+00
7.756181e-01 -1.006077e+00
7.760409e-01 -1.007678e+00
7.764636e-01 -1.009281e+00
7.768863e-01 -1.010886e+00
7.773091e-01 -1.012493e+00
7.777318e-01 -1.014102e+00
7.781545e-01 -1.015714e+00
7.785773e-01 -1.017329e+00
7.790000e-01 -1.018945e+00
7.794227e-01 -1.020564e+00
7.798455e-01 -1.022184e+00
7.802682e-01 -1.023808e+00
7.806909e-01 -1.025433e+00
7.811136e-01 -1.027061e+00
7.815364e-01 -1.028692e+00
7.819591e-01 -1.030325e+00
7.823818e-01 -1.031960e+00
7.828046e-01 -1.033598e+00
7.832273e-01 -1.035239e+00
7.836500e-01 -1.036881e+00
7.840728e-01 -1.038527e+00
7.844955e-01 -1.040174e+00
7.849182e-01 -1.041824e+00
7.853409e-01 -1.043477e+00
7.857637e-01 -1.045132e+00
7.861864e-01 -1.046789e+00
7.866091e-01 -1.048450e+00
7.870319e-01 -1.050112e+00
7.874546e-01 -1.051778e+00
7.878773e-01 -1.053445e+00
7.883001e-01 -1.055116e+00
7.887228e-01 -1.056788e+00
7.891455e-01 -1.058464e+00
7.895683e-01 -1.060142e+00
7.899910e-01 -1.061822e+00
7.904137e-01 -1.063505e+00
7.908364e-01 -1.065191e+00
7.912592e-01 -1.066880e+00
7.916819e-01 -1.068572e+00
7.921046e-01 -1.070266e+00
7.925274e-01 -1.071963e+00
7.929501e-01 -1.073662e+00
7.933728e-01 -1.075364e+00
7.937956e-01 -1.077068e+00
7.942183e-01 -1.078776e+00
7.946410e-01 -1.080486e+00
7.950638e-01 -1.082199e+00
7.954865e-01 -1.083915e+00
7.959092e-01 -1.085633e+00
7.963319e-01 -1.087355e+00
7.967547e-01 -1.089079e+00
7.971774e-01 -1.090805e+00
7.976001e-01 -1.092535e+00
7.980229e-01 -1.094268e+00
7.984456e-01 -1.096003e+00
7.988683e-01 -1.097741e+00
7.992911e-01 -1.099482e+00
7.997138e-01 -1.101226e+00
8.001365e-01 -1.102973e+00
8.005592e-01 -1.104723e+00
8.009820e-01 -1.106475e+00
8.014047e-01 -1.108231e+00
8.018274e-01 -1.109990e+00
8.022502e-01 -1.111752e+00
8.026729e-01 -1.113516e+00
8.030956e-01 -1.115284e+00
8.035184e-01 -1.117055e+00
8.039411e-01 -1.118829e+00
8.043638e-01 -1.120605e+00
8.047866e-01 -1.122385e+00
8.052093e-01 -1.124168e+00
8.056320e-01 -1.125954e+00
8.060547e-01 -1.127743e+00
8.064775e-01 -1.129535e+00
8.069002e-01 -1.131330e+00
8.073229e-01 -1.133129e+00
8.077457e-01 -1.134931e+00
8.081684e-01 -1.136735e+00
8.085911e-01 -1.138543e+00
8.090139e-01 -1.140354e+00
8.094366e-01 -1.142169e+00
8.098593e-01 -1.143986e+00
8.102821e-01 -1.145807e+00
8.107048e-01 -1.147631e+00
8.111275e-01 -1.149459e+00
8.115502e-01 -1.151289e+00
8.119730e-01 -1.153123e+00
8.123957e-01 -1.154961e+00
8.128184e-01 -1.156802e+00
8.132412e-01 -1.158646e+00
8.136639e-01 -1.160493e+00
8.140866e-01 -1.162344e+00
8.145094e-01 -1.164199e+00
8.149321e-01 -1.166056e+00
8.153548e-01 -1.167917e+00
8.157775e-01 -1.169781e+00
8.162003e-01 -1.171649e+00
8.166230e-01 -1.173520e+00
8.170457e-01 -1.175395e+00
8.174685e-01 -1.177274e+00
8.178912e-01 -1.179156e+00
8.183139e-01 -1.181041e+00
8.187367e-01 -1.182931e+00
8.191594e-01 -1.184823e+00
8.195821e-01 -1.186720e+00
8.200049e-01 -1.188619e+00
8.204276e-01 -1.190523e+00
8.208503e-01 -1.192430e+00
8.212730e-01 -1.194341e+00
8.216958e-01 -1.196255e+00
8.221185e-01 -1.198174e+00
8.225412e-01 -1.200096e+00
8.229640e-01 -1.202022e+00
8.233867e-01 -1.203951e+00
8.238094e-01 -1.205885e+00
8.242322e-01 -1.207822e+00
8.246549e-01 -1.209763e+00
8.250776e-01 -1.211709e+00
8.255004e-01 -1.213658e+00
8.259231e-01 -1.215610e+00
8.263458e-01 -1.217567e+00
8.267685e-01 -1.219528e+00
8.271913e-01 -1.221493e+00
8.276140e-01 -1.223462e+00
8.280367e-01 -1.225434e+00
8.284595e-01 -1.227411e+00
8.288822e-01 -1.229392e+00
8.293049e-01 -1.231376e+00
8.297277e-01 -1.233365e+00
8.301504e-01 -1.235358e+00
8.305731e-01 -1.237355e+00
8.309958e-01 -1.239356e+00
8.314186e-01 -1.241362e+00
8.318413e-01 -1.243371e+00
8.322640e-01 -1.245385e+00
8.326868e-01 -1.247403e+00
8.331095e-01 -1.249426e+00
8.335322e-01 -1.251452e+00
8.339550e-01 -1.253484e+00
8.343777e-01 -1.255519e+00
8.348004e-01 -1.257559e+00
8.352232e-01 -1.259603e+00
8.356459e-01 -1.261652e+00
8.360686e-01 -1.263705e+00
8.364913e-01 -1.265762e+00
8.369141e-01 -1.267825e+00
8.373368e-01 -1.269891e+00
8.377595e-01 -1.271962e+00
8.381823e-01 -1.274038e+00
8.386050e-01 -1.276118e+00
8.390277e-01 -1.278202e+00
8.394505e-01 -1.280291e+00
8.398732e-01 -1.282385e+00
8.402959e-01 -1.284484e+00
8.407187e-01 -1.286587e+00
8.411414e-01 -1.288695e+00
8.415641e-01 -1.290807e+00
8.419868e-01 -1.292925e+00
8.424096e-01 -1.295047e+00
8.428323e-01 -1.297175e+00
8.432550e-01 -1.299307e+00
8.436778e-01 -1.301444e+00
8.441005e-01 -1.303586e+00
8.445232e-01 -1.305733e+00
8.449460e-01 -1.307885e+00
8.453687e-01 -1.310041e+00
8.457914e-01 -1.312203e+00
8.462141e-01 -1.314370e+00
8.466369e-01 -1.316542e+00
8.470596e-01 -1.318720e+00
8.474823e-01 -1.320902e+00
8.479051e-01 -1.323090e+00
8.483278e-01 -1.325283e+00
8.487505e-01 -1.327481e+00
8.491733e-01 -1.329685e+00
8.495960e-01 -1.331894e+00
8.500187e-01 -1.334108e+00
8.504415e-01 -1.336328e+00
8.508642e-01 -1.338553e+00
8.512869e-01 -1.340784e+00
8.517096e-01 -1.343020e+00
8.521324e-01 -1.345261e+00
8.525551e-01 -1.347508e+00
8.529778e-01 -1.349761e+00
8.534006e-01 -1.352019e+00
8.538233e-01 -1.354283e+00
8.542460e-01 -1.356553e+00
8.546688e-01 -1.358829e+00
8.550915e-01 -1.361110e+00
8.555142e-01 -1.363397e+00
8.559370e-01 -1.365690e+00
8.563597e-01 -1.367988e+00
8.567824e-01 -1.370293e+00
8.572051e-01 -1.372603e+00
8.576279e-01 -1.374920e+00
8.580506e-01 -1.377243e+00
8.584733e-01 -1.379572e+00
8.588961e-01 -1.381906e+00
8.593188e-01 -1.384247e+00
8.597415e-01 -1.386594e+00
8.601643e-01 -1.388947e+00
8.605870e-01 -1.391306e+00
8.610097e-01 -1.393672e+00
8.614324e-01 -1.396044e+00
8.618552e-01 -1.398422e+00
8.622779e-01 -1.400807e+00
8.627006e-01 -1.403199e+00
8.631234e-01 -1.405597e+00
8.635461e-01 -1.408001e+00
8.639688e-01 -1.410413e+00
8.643916e-01 -1.412830e+00
8.648143e-01 -1.415255e+00
8.652370e-01 -1.417686e+00
8.656598e-01 -1.420124e+00
8.660825e-01 -1.422568e+00
8.665052e-01 -1.425020e+00
8.669279e-01 -1.427478e+00
8.673507e-01 -1.429943e+00
8.677734e-01 -1.432416e+00
8.681961e-01 -1.434895e+00
8.686189e-01 -1.437382e+00
8.690416e-01 -1.439875e+00
8.694643e-01 -1.442376e+00
8.698871e-01 -1.444884e+00
8.703098e-01 -1.447399e+00
8.707325e-01 -1.449922e+00
8.711553e-01 -1.452452e+00
8.715780e-01 -1.454989e+00
8.720007e-01 -1.457534e+00
8.724234e-01 -1.460086e+00
8.728462e-01 -1.462646e+00
8.732689e-01 -1.465215e+00
8.736916e-01 -1.467791e+00
8.741144e-01 -1.470374e+00
8.745371e-01 -1.472966e+00
8.749598e-01 -1.475565e+00
8.753826e-01 -1.478173e+00
8.758053e-01 -1.480788e+00
8.762280e-01 -1.483411e+00
8.766507e-01 -1.486042e+00
8.770735e-01 -1.488682e+00
8.774962e-01 -1.491330e+00
8.779189e-01 -1.493986e+00
8.783417e-01 -1.496651e+00
8.787644e-01 -1.499324e+00
8.791871e-01 -1.502005e+00
8.796099e-01 -1.504695e+00
8.800326e-01 -1.507394e+00
8.804553e-01 -1.510101e+00
8.808781e-01 -1.512818e+00
8.813008e-01 -1.515543e+00
8.817235e-01 -1.518277e+00
8.821462e-01 -1.521020e+00
8.825690e-01 -1.523771e+00
8.829917e-01 -1.526532e+00
8.834144e-01 -1.529301e+00
8.838372e-01 -1.532080e+00
8.842599e-01 -1.534868e+00
8.846826e-01 -1.537666e+00
8.851054e-01 -1.540473e+00
8.855281e-01 -1.543290e+00
8.859508e-01 -1.546116e+00
8.863736e-01 -1.548952e+00
8.867963e-01 -1.551797e+00
8.872190e-01 -1.554651e+00
8.876417e-01 -1.557516e+00
8.880645e-01 -1.560392e+00
8.884872e-01 -1.563277e+00
8.889099e-01 -1.566172e+00
8.893327e-01 -1.569078e+00
8.897554e-01 -1.571994e+00
8.901781e-01 -1.574921e+00
8.906009e-01 -1.577858e+00
8.910236e-01 -1.580805e+00
8.914463e-01 -1.583764e+00
8.918690e-01 -1.586733e+00
8.922918e-01 -1.589713e+00
8.927145e-01 -1.592704e+00
8.931372e-01 -1.595706e+00
8.935600e-01 -1.598719e+00
8.939827e-01 -1.601743e+00
8.944054e-01 -1.604778e+00
8.948282e-01 -1.607825e+00
8.952509e-01 -1.610884e+00
8.956736e-01 -1.613954e+00
8.960964e-01 -1.617035e+00
8.965191e-01 -1.620128e+00
8.969418e-01 -1.623234e+00
8.973645e-01 -1.626351e+00
8.977873e-01 -1.629481e+00
8.982100e-01 -1.632623e+00
8.986327e-01 -1.635777e+00
8.990555e-01 -1.638943e+00
8.994782e-01 -1.642122e+00
8.999009e-01 -1.645313e+00
9.003237e-01 -1.648517e+00
9.007464e-01 -1.651734e+00
9.011691e-01 -1.654964e+00
9.015919e-01 -1.658208e+00
9.020146e-01 -1.661464e+00
9.024373e-01 -1.664734e+00
9.028600e-01 -1.668017e+00
9.032828e-01 -1.671313e+00
9.037055e-01 -1.674623e+00
9.041282e-01 -1.677948e+00
9.045510e-01 -1.681286e+00
9.049737e-01 -1.684639e+00
9.053964e-01 -1.688006e+00
9.058192e-01 -1.691387e+00
9.062419e-01 -1.694782e+00
9.066646e-01 -1.698191e+00
9.070873e-01 -1.701616e+00
9.075101e-01 -1.705056e+00
9.079328e-01 -1.708512e+00
9.083555e-01 -1.711982e+00
9.087783e-01 -1.715468e+00
9.092010e-01 -1.718969e+00
9.096237e-01 -1.722486e+00
9.100465e-01 -1.726020e+00
9.104692e-01 -1.729569e+00
9.108919e-01 -1.733135e+00
9.113147e-01 -1.736717e+00
9.117374e-01 -1.740315e+00
9.121601e-01 -1.743930e+00
9.125828e-01 -1.747562e+00
9.130056e-01 -1.751212e+00
9.134283e-01 -1.754878e+00
9.138510e-01 -1.758562e+00
9.142738e-01 -1.762263e+00
9.146965e-01 -1.765981e+00
9.151192e-01 -1.769718e+00
9.155420e-01 -1.773474e+00
9.159647e-01 -1.777247e+00
9.163874e-01 -1.781039e+00
9.168102e-01 -1.784850e+00
9.172329e-01 -1.788680e+00
9.176556e-01 -1.792528e+00
9.180783e-01 -1.796396e+00
9.185011e-01 -1.800283e+00
9.189238e-01 -1.804190e+00
9.193465e-01 -1.808118e+00
9.197693e-01 -1.812066e+00
9.201920e-01 -1.816034e+00
9.206147e-01 -1.820023e+00
9.210375e-01 -1.824032e+00
9.214602e-01 -1.828062e+00
9.218829e-01 -1.832115e+00
9.223056e-01 -1.836190e+00
9.227284e-01 -1.840285e+00
9.231511e-01 -1.844404e+00
9.235738e-01 -1.848545e+00
9.239966e-01 -1.852710e+00
9.244193e-01 -1.856897e+00
9.248420e-01 -1.861108e+00
9.252648e-01 -1.865342e+00
9.256875e-01 -1.869600e+00
9.261102e-01 -1.873883e+00
9.265330e-01 -1.878190e+00
9.269557e-01 -1.882522e+00
9.273784e-01 -1.886878e+00
9.278011e-01 -1.891260e+00
9.282239e-01 -1.895668e+00
9.286466e-01 -1.900102e+00
9.290693e-01 -1.904562e+00
9.294921e-01 -1.909049e+00
9.299148e-01 -1.913562e+00
9.303375e-01 -1.918103e+00
9.307603e-01 -1.922673e+00
9.311830e-01 -1.927270e+00
9.316057e-01 -1.931896e+00
9.320285e-01 -1.936550e+00
9.324512e-01 -1.941235e+00
9.328739e-01 -1.945950e+00
9.332966e-01 -1.950694e+00
9.337194e-01 -1.955469e+00
9.341421e-01 -1.960275e+00
9.345648e-01 -1.965114e+00
9.349876e-01 -1.969984e+00
9.354103e-01 -1.974886e+00
9.358330e-01 -1.979821e+00
9.362558e-01 -1.984790e+00
9.366785e-01 -1.989793e+00
9.371012e-01 -1.994829e+00
9.375239e-01 -1.999900e+00
9.379467e-01 -2.005006e+00
9.383694e-01 -2.010149e+00
9.387921e-01 -2.015328e+00
9.392149e-01 -2.020544e+00
9.396376e-01 -2.025798e+00
9.400603e-01 -2.031091e+00
9.404831e-01 -2.036421e+00
9.409058e-01 -2.041792e+00
9.413285e-01 -2.047201e+00
9.417513e-01 -2.052651e+00
9.421740e-01 -2.058143e+00
9.425967e-01 -2.063676e+00
9.430194e-01 -2.069252e+00
9.434422e-01 -2.074871e+00
9.438649e-01 -2.080534e+00
9.442876e-01 -2.086243e+00
9.447104e-01 -2.091997e+00
9.451331e-01 -2.097795e+00
9.455558e-01 -2.103643e+00
9.459786e-01 -2.109539e+00
9.464013e-01 -2.115483e+00
9.468240e-01 -2.121478e+00
9.472468e-01 -2.127523e+00
9.476695e-01 -2.133620e+00
9.480922e-01 -2.139768e+00
9.485149e-01 -2.145971e+00
9.489377e-01 -2.152228e+00
9.493604e-01 -2.158539e+00
9.497831e-01 -2.164905e+00
9.502059e-01 -2.171330e+00
9.506286e-01 -2.177813e+00
9.510513e-01 -2.184357e+00
9.514741e-01 -2.190960e+00
9.518968e-01 -2.197625e+00
9.523195e-01 -2.204356e+00
9.527422e-01 -2.211151e+00
9.531650e-01 -2.218011e+00
9.535877e-01 -2.224940e+00
9.540104e-01 -2.231938e+00
9.544332e-01 -2.239006e+00
9.548559e-01 -2.246145e+00
9.552786e-01 -2.253358e+00
9.557014e-01 -2.260646e+00
9.561241e-01 -2.268012e+00
9.565468e-01 -2.275456e+00
9.569696e-01 -2.282978e+00
9.573923e-01 -2.290582e+00
9.578150e-01 -2.298269e+00
9.582377e-01 -2.306042e+00
9.586605e-01 -2.313900e+00
9.590832e-01 -2.321851e+00
9.595059e-01 -2.329894e+00
9.599287e-01 -2.338032e+00
9.603514e-01 -2.346267e+00
9.607741e-01 -2.354602e+00
9.611969e-01 -2.363040e+00
9.616196e-01 -2.371583e+00
9.620423e-01 -2.380232e+00
9.624651e-01 -2.388991e+00
9.628878e-01 -2.397863e+00
9.633105e-01 -2.406852e+00
9.637332e-01 -2.415960e+00
9.641560e-01 -2.425188e+00
9.645787e-01 -2.434542e+00
9.650014e-01 -2.444026e+00
9.654242e-01 -2.453647e+00
9.658469e-01 -2.463406e+00
9.662696e-01 -2.473307e+00
9.666924e-01 -2.483354e+00
9.671151e-01 -2.493551e+00
9.675378e-01 -2.503906e+00
9.679605e-01 -2.514422e+00
9.683833e-01 -2.525104e+00
9.688060e-01 -2.535955e+00
9.692287e-01 -2.546980e+00
9.696515e-01 -2.558187e+00
9.700742e-01 -2.569583e+00
9.704969e-01 -2.581176e+00
9.709197e-01 -2.592972e+00
9.713424e-01 -2.604976e+00
9.717651e-01 -2.617199e+00
9.721879e-01 -2.629646e+00
9.726106e-01 -2.642323e+00
9.730333e-01 -2.655240e+00
9.734560e-01 -2.668405e+00
9.738788e-01 -2.681821e+00
9.743015e-01 -2.695501e+00
9.747242e-01 -2.709460e+00
9.751470e-01 -2.723707e+00
9.755697e-01 -2.738248e+00
9.759924e-01 -2.753097e+00
9.764152e-01 -2.768266e+00
9.768379e-01 -2.783755e+00
9.772606e-01 -2.799579e+00
9.776834e-01 -2.815751e+00
9.781061e-01 -2.832286e+00
9.785288e-01 -2.849202e+00
9.789515e-01 -2.866506e+00
9.793743e-01 -2.884212e+00
9.797970e-01 -2.902330e+00
9.802197e-01 -2.920873e+00
9.806425e-01 -2.939854e+00
9.810652e-01 -2.959308e+00
9.814879e-01 -2.979243e+00
9.819107e-01 -2.999684e+00
9.823334e-01 -3.020649e+00
9.827561e-01 -3.042164e+00
9.831788e-01 -3.064261e+00
9.836016e-01 -3.086980e+00
9.840243e-01 -3.110375e+00
9.844470e-01 -3.134489e+00
9.848698e-01 -3.159378e+00
9.852925e-01 -3.185102e+00
9.857152e-01 -3.211761e+00
9.861380e-01 -3.239447e+00
9.865607e-01 -3.268256e+00
9.869834e-01 -3.298302e+00
9.874062e-01 -3.329721e+00
9.878289e-01 -3.362701e+00
9.882516e-01 -3.397374e+00
9.886743e-01 -3.433914e+00
9.890971e-01 -3.472548e+00
9.895198e-01 -3.513530e+00
9.899425e-01 -3.557058e+00
9.903653e-01 -3.603397e+00
9.907880e-01 -3.652860e+00
9.912107e-01 -3.705637e+00
9.916335e-01 -3.762137e+00
9.920562e-01 -3.822580e+00
9.924789e-01 -3.887415e+00
9.929017e-01 -3.956939e+00
9.933244e-01 -4.031779e+00
9.937471e-01 -4.112336e+00
9.941698e-01 -4.199393e+00
9.945926e-01 -4.293732e+00
9.950153e-01 -4.396156e+00
9.954380e-01 -4.507632e+00
9.958608e-01 -4.629253e+00
9.962835e-01 -4.762224e+00
9.967062e-01 -4.907909e+00
9.971290e-01 -5.068107e+00
9.975517e-01 -5.245036e+00
9.979744e-01 -5.441383e+00
9.983971e-01 -5.660894e+00
9.988199e-01 -5.908527e+00
9.992426e-01 -6.191246e+00
9.996653e-01 -6.514484e+00
1.000088e+00 -6.979477e+00
